# 已推送论文 arXiv ID 列表
# 格式：每行一个 ID，如 2405.12345
# 由自动化脚本维护，请勿手动编辑
2602.12706
2604.04061
2604.13447
2601.12614
2604.13919
2604.04828
2603.01102
2603.15584
2603.25832
2603.11231
2602.11229
2604.07366
2604.13723
2603.24143
2604.15617
2604.11625
2603.01459
2604.17425
2603.10678
2602.18248
2603.07882
2602.22059
2603.11052
2604.18506
2604.03439
2603.22309
2604.16721
2603.21271
2603.25066
2604.08763
2604.11829
2604.12794
2604.13830
2604.20085
2604.20143
2604.21101
2601.05155
2603.04606
2604.18221
2601.02614
2511.22486
2604.00781
2603.05730
2604.21411
2604.19843
2603.15431
2504.13313
2601.21006
2604.20061
2604.22566
2604.08076
2602.13616
2604.21097
2602.10150
2604.23874
2510.11174
2512.14086
2602.04287
2502.07469
2502.17386
2604.26621
2510.01977
2503.11090
2509.05510
2510.12443
2604.19465
2504.00195
2604.05652
2605.09523
2605.15754
2605.21348
2605.06591
2605.19057
2604.19223
2605.12343
2605.15284
2605.07279
2509.23063
2605.08318
2509.07024
2603.12834
2605.00068
2505.14144
2511.04991
2501.08166
2605.09543
2603.14734
2605.25509
2605.16573
2605.17107
2605.25867
2605.10451
2605.13834
2605.14939
2603.01762
2503.22600
2605.25949
2509.21196
2605.11691
2509.05799
2506.16619
2509.06088
2412.20192
2510.00282
2506.14048
2512.24205
2504.03201
2506.06158
2601.09143
2506.04898
2601.14745
2506.15203
2507.02106
2503.00274
2506.19632
2512.11686
2511.08219
2505.21573
2604.05187
2602.20234
2603.23901
2606.00937
2510.13047
2509.22411
2507.15976
2602.18801
2605.10154
2506.08604
2601.10885
2601.13377
2603.27828
2509.11576
2511.19114
2606.01470
2512.05297
2602.06689
2606.03469
2604.27298
2601.03613
2507.04153
2507.16960
2507.03660
2605.15881
2606.01366
2606.02084
2606.04447
2507.17019
2509.18611
2606.06164
2604.06001
2503.12154
2506.13267
2604.16664
2606.05850
2606.05783
2603.22951
2606.06210
2503.24208
2510.11840
2505.24717
2606.02427
2501.04024
2504.20408
2602.14918
2511.10147
2512.04982
2411.18358
2606.03936
2606.10215
2606.11691
2606.11963
2606.11518
2606.10310
2605.20780
2412.01932
2606.11650
2602.02788
2606.10370
2511.21861
2606.09806
2512.15085
2512.23056
2604.04971
2506.04354
2506.10636
2601.23262
2602.02264
2602.20399
2605.27408
2606.18713
2505.20721
2605.25413
2601.15547
2602.15592
2507.03119
2606.12447
2506.05513
2507.15409
2606.15512
2606.17460
2505.04738
2503.23676
2602.15084
2606.17733
2606.14913
2605.15179
2601.23262
2602.02264
2602.20399
2605.27408
2606.18713
2605.20780
2606.18200
2606.14039
2606.25753
2411.08789
2510.23088
2602.23113
2504.19065
2512.04974
2512.11795
2511.15684
2505.18857
2512.23884
2605.12700
2605.14546
2607.01128
2509.02846
2602.09708
2601.20227
2512.23192
2606.12567
